$ 1 0.000005 1.5642631884188172 99 5 50 5e-11
r 800 320 800 400 0 120
r 800 464 800 544 0 1000
r 800 592 800 672 0 47
z 800 288 800 224 2 1N5712
z 1296 608 1296 672 2 default-zener
r 1296 208 1296 288 0 47
r 1296 320 1296 400 0 1000
r 1296 480 1296 544 0 120
f 800 432 912 432 32 4 0.02
d 912 272 912 336 2 1N4004
d 1168 528 1168 480 2 1N4004
w 800 592 800 544 0
w 800 464 800 400 0
w 800 320 800 288 0
w 800 224 800 192 0
w 800 192 912 192 0
w 912 272 912 192 0
w 912 416 912 336 0
w 800 672 800 704 0
w 800 704 912 704 0
w 912 448 912 704 0
w 1168 528 1168 704 0
w 1168 704 1296 704 0
w 1296 672 1296 704 0
w 1168 480 1168 448 0
w 1296 608 1296 544 0
w 1296 480 1296 400 0
w 1296 320 1296 288 0
w 1168 416 1168 192 0
w 1168 192 1296 192 0
w 1296 208 1296 192 0
w 912 192 1168 192 0
w 912 704 1168 704 0
g 800 704 800 736 0 0
v 688 416 688 480 0 1 120 9 0 0 0.5
w 688 480 688 704 0
w 688 704 800 704 0
w 688 416 688 192 0
w 688 192 800 192 0
f 1232 432 1168 432 40 4 0.02
181 1392 400 1392 480 0 343.26347504279335 100 120 0.4 0.4
w 1296 704 1392 704 0
w 1392 480 1392 704 0
w 1392 400 1392 192 0
w 1392 192 1296 192 0
w 1232 432 1296 432 0
o 40 1 0 4099 10 0.8 0 2 40 3
38 34 0 0 12 Max\sVoltage
